0.5 -112.254131538604
0.7 -113.201294999589
0.9 -113.721717318009
1.1 -113.873578293813
1.3 -113.907472587725
1.5 -113.877057180689
1.7 -113.860076630051
1.9 -113.846138394647
2.1 -113.834029213860
2.3 -113.805843700791
2.5 -113.837350788140
2.7 -113.838031697533
2.9 -113.304454978698
3.1 -113.410431054503
3.3 -113.879826445564
3.5 -113.884188990391
3.7 -113.887610831067
3.9 -113.890272100036
4.1 -113.892338208850
4.3 -113.893965022700
4.5 -113.895308304556
4.7 -113.896516885540
4.9 -113.897719701698
5.1 -113.899018626649
5.3 -113.900484564265
5.5 -113.902152652042
5.7 -113.904021718490
5.9 -113.906061080102
6.1 -113.908222772106
6.3 -113.910453786355
6.5 -113.912706308142
6.7 -113.914940858814
6.9 -113.917128658427
7.1 -113.919249728564
7.3 -113.921291921840
7.5 -113.923248487063
7.7 -113.925117676155
7.9 -113.926900725756
8.1 -113.928600900605
8.3 -113.930222619952
8.5 -113.931770806690
8.7 -113.933250342723
8.9 -113.934665940300
9.1 -113.936021488151
9.3 -113.937321950991
9.5 -113.938569357310
9.7 -113.939767230058
9.9 -113.940918212770
