0.5 -173.739825524707
0.7 -174.823988069615
0.9 -175.306786284634
1.1 -175.527378656215
1.3 -175.589588578444
1.5 -167.903043184483
1.7 -170.608118863282
1.9 -171.000536866028
2.1 -172.038629448552
2.3 -172.726374581278
2.5 -175.791667489590
2.7 -175.881994702283
2.9 -175.878815974936
3.1 -175.883937517450
3.3 -175.887142275577
3.5 -175.888897569926
3.7 -175.889529493762
3.9 -175.889317789434
4.1 -175.888498295571
4.3 -175.887265205789
4.5 -175.885768057266
4.7 -175.884129160205
4.9 -175.882423207610
5.1 -175.880719773445
5.3 -175.879071204815
5.5 -175.877519713107
5.7 -175.876092164262
5.9 -175.874820435570
6.1 -175.873702282130
6.3 -175.872739418846
6.5 -175.871922622231
6.7 -175.871715763978
6.9 -175.871060387118
7.1 -175.870536348302
7.3 -175.870114404105
7.5 -175.869775581766
7.7 -175.869503496066
7.9 -175.869284205808
8.1 -175.869106238888
8.3 -175.868960414694
8.5 -175.868839526908
8.7 -175.868738038205
8.9 -175.868556224249
9.1 -175.868488569189
9.3 -175.868433149677
9.5 -175.868384532661
9.7 -175.868342211706
9.9 -175.868304492765
