0.5 -174.720833940138
0.7 -175.238322563674
0.9 -175.503129486879
1.1 -175.604049807781
1.3 -175.637424221403
1.5 -175.317426908929
1.7 -175.369766389078
1.9 -175.666242541361
2.1 -175.762970593556
2.3 -175.773444482684
2.5 -175.720192068831
2.7 -175.786522446555
2.9 -175.783036662847
3.1 -175.829433292892
3.3 -175.832446546567
3.5 -175.834031557834
3.7 -175.834521250552
3.9 -175.834186290838
4.1 -175.833252730432
4.3 -175.831910518193
4.5 -175.830308862569
4.7 -175.828561460870
4.9 -175.826757418591
5.1 -175.824955591878
5.3 -175.823212853136
5.5 -175.821574558829
5.7 -175.820069205152
5.9 -175.818719551661
6.1 -175.817535052992
6.3 -175.816513178522
6.5 -175.815650900198
6.7 -175.814385901848
6.9 -175.813913950651
7.1 -175.813525860987
7.3 -175.813208361029
7.5 -175.812949258728
7.7 -175.812737808665
7.9 -175.812564924700
8.1 -175.812422854605
8.3 -175.812305361887
8.5 -175.812207430473
8.7 -175.812125020688
8.9 -175.812100412700
9.1 -175.812033714760
9.3 -175.811976380921
9.5 -175.811926555464
9.7 -175.811882925792
9.9 -175.811844454142
