1.5  -1026.300691538890
2.0  -1026.333209227386
2.5  -1026.339109277988
3.0  -1026.344454750839
3.5  -1026.349208292283
4.0  -1026.352324709791
4.5  -1026.353791702216
5.0  -1026.354091003459
5.5  -1026.353740357779
6.0  -1026.353115097851
6.5  -1026.352441087427
7.0  -1026.351834569606
7.5  -1026.351341090877
8.0  -1026.350965130850
8.5  -1026.350689420857
9.0  -1026.350488197102
9.5  -1026.350337933496
10.0  -1026.350222330888
10.5  -1026.350131485373
11.0  -1026.350059226795
11.5  -1026.350001251686
12.0  -1026.349954319162
12.5  -1026.349915963060
13.0  -1026.349884323715
13.5  -1026.349858003646
14.0  -1026.349835947761
14.5  -1026.349817345222
15.0  -1026.349801564037
15.5  -1026.349788106266
16.0  -1026.349776574355
16.5  -1026.349766647256
17.0  -1026.349758064614
17.5  -1026.349750617313
18.0  -1026.349744128147
18.5  -1026.349738456028
19.0  -1026.349733478920
19.5  -1026.349729098784
20.0  -1026.349725231625
