1.5  -306.123795039692
2.0  -306.168305702859
2.5  -306.179301504745
3.0  -306.186044503967
3.5  -306.190220678896
4.0  -306.191979509113
4.5  -306.192007792630
5.0  -306.191065418370
5.5  -306.189743390197
6.0  -306.188410988516
6.5  -306.187252936197
7.0  -306.186335578973
7.5  -306.185654377658
8.0  -306.185170691436
8.5  -306.184834454539
9.0  -306.184598412450
9.5  -306.184426995856
10.0  -306.184297789280
10.5  -306.184197801752
11.0  -306.184119201045
11.5  -306.184056713860
12.0  -306.184006501412
12.5  -306.183965713379
13.0  -306.183932239358
13.5  -306.183904516041
14.0  -306.183881374025
14.5  -306.183861921805
15.0  -306.183845470304
15.5  -306.183831479464
16.0  -306.183819520085
16.5  -306.183809248691
17.0  -306.183800387783
17.5  -306.183792711710
18.0  -306.183786035815
18.5  -306.183780208079
19.0  -306.183775103268
19.5  -306.183770616084
20.0  -306.183766659455
