0.5 -191.331703027720
0.7 -197.067291263525
0.9 -198.637999910115
1.1 -199.110553716209
1.3 -199.277623855423
1.5 -199.396628179814
1.7 -199.440124046530
1.9 -199.448395894326
2.1 -199.443837857119
2.3 -199.435738765986
2.5 -199.427537712699
2.7 -199.420343428184
2.9 -199.414413894149
3.1 -199.409714416567
3.3 -199.406083811053
3.5 -199.403334996425
3.7 -199.401300829839
3.9 -199.399825328749
4.1 -199.398782927773
4.3 -199.398079439489
4.5 -199.397628337320
4.7 -199.397383584469
4.9 -199.397296378401
5.1 -199.397339276259
5.3 -199.397481016198
5.5 -199.397695344261
5.7 -199.397963884441
5.9 -199.398256052462
6.1 -199.398557420012
6.3 -199.398854742474
6.5 -199.406834674586
6.7 -199.399397034534
6.9 -199.406752461683
7.1 -199.406719469668
7.3 -199.406690295789
7.5 -199.406665517106
7.7 -199.406641142516
7.9 -199.406620554747
8.1 -199.406603853956
8.3 -199.406585272631
8.5 -199.406571335954
8.7 -199.406556410697
8.9 -199.406544509979
9.1 -199.406534446439
9.3 -199.406526239136
9.5 -199.406517465810
9.7 -199.406509099974
9.9 -199.406500812916
