1.5  -274.099051128721
2.0  -274.194866852065
2.5  -274.231326793180
3.0  -274.248805893077
3.5  -274.257973216069
4.0  -274.261896593356
4.5  -274.262573877227
5.0  -274.261549517870
5.5  -274.259844533146
6.0  -274.258070005902
6.5  -274.256530575826
7.0  -274.255333922407
7.5  -274.254470095752
8.0  -274.253874213069
8.5  -274.253470310549
9.0  -274.253193195957
9.5  -274.252996434901
10.0  -274.252851195493
10.5  -274.252740726680
11.0  -274.252655029234
11.5  -274.252587578586
12.0  -274.252533789620
12.5  -274.252490353365
13.0  -274.252454873673
13.5  -274.252425605290
14.0  -274.252401257592
14.5  -274.252380856836
15.0  -274.252363654229
15.5  -274.252349064411
16.0  -274.252336624627
16.5  -274.252325965899
17.0  -274.252316790738
17.5  -274.252308858769
18.0  -274.252301972959
18.5  -274.252295971994
19.0  -274.252290723793
19.5  -274.252286116877
20.0  -274.252282060776
