1.5  -460.427171691198
2.0  -460.549950105677
2.5  -460.559339533684
3.0  -460.559978205679
3.5  -460.560676361605
4.0  -460.561152706186
4.5  -460.561117646659
5.0  -460.560650836602
5.5  -460.559955626551
6.0  -460.559211917164
6.5  -460.558523547324
7.0  -460.557942977588
7.5  -460.557484765983
8.0  -460.557139898142
8.5  -460.556886808150
9.0  -460.556700252227
9.5  -460.556559422534
10.0  -460.556450493689
10.5  -460.556364792955
11.0  -460.556296529603
11.5  -460.556241539758
12.0  -460.556196754143
12.5  -460.556159914634
13.0  -460.556129355524
13.5  -460.556103827665
14.0  -460.556082372987
14.5  -460.556064242033
15.0  -460.556048839357
15.5  -460.556035689473
16.0  -460.556024409627
16.5  -460.556014690418
17.0  -460.556006280398
17.5  -460.555998974133
18.0  -460.555992602892
18.5  -460.555987027260
19.0  -460.555982131465
19.5  -460.555977818890
20.0  -460.555974008513
