1.5 -1019.389644117425 -1018.528698201707
2.0 -1019.485806584499 -1018.625722846947
2.5 -1019.530016032966 -1018.679115139017
3.0 -1019.548213678580 -1018.705000048458
3.5 -1019.554168501392 -1018.718434144911
4.0 -1019.554309141419 -1018.724466244807
4.5 -1019.551888054276 -1018.726132385623
5.0 -1019.548669847766 -1018.725494367278
5.5 -1019.545591869845 -1018.723877003987
6.0 -1019.543122375752 -1018.722064566024
6.5 -1019.541367602941 -1018.720451950820
7.0 -1019.540225427675 -1018.719188734591
7.5 -1019.539513143786 -1018.718280175631
8.0 -1019.539076358537 -1018.717659402906
8.5 -1019.538800365634 -1018.717241832715
9.0 -1019.538616415066 -1018.716956068479
9.5 -1019.538488830028 -1018.716753294963
10.0 -1019.538393029725 -1018.716603864252
10.5 -1019.538322976841 -1018.716490445751
11.0 -1019.538266045177 -1018.716402537142
11.5 -1019.538226532983 -1018.716333308556
12.0 -1019.538189962587 -1018.716278052165
12.5 -1019.538163726462 -1018.716233402360
13.0 -1019.538140689513 -1018.716196958069
13.5 -1019.538121057031 -1018.716166927046
14.0 -1019.538102468243 -1018.716141981796
14.5 -1019.538089712578 -1018.716121108324
15.0 -1019.538081670454 -1018.716103535657
15.5 -1019.538073166682 -1018.716088649193
16.0 -1019.538062910426 -1018.716075970988
16.5 -1019.538059313228 -1018.716065119279
17.0 -1019.538052572052 -1018.716055791678
17.5 -1019.538048063247 -1018.716047733512
18.0 -1019.538041547763 -1018.716040747938
18.5 -1019.538039760638 -1018.716034662036
19.0 -1019.538034321253 -1018.716029344884
19.5 -1019.538029435625 -1018.716024669942
20.0 -1019.538026986993 -1018.716020565847
