1.5  -1018.130896781317
2.0  -1018.369831121112
2.5  -1018.419874511072
3.0  -1018.436741362270
3.5  -1018.443860483182
4.0  -1018.447742649533
4.5  -1018.449782034213
5.0  -1018.450653032506
5.5  -1018.450818016493
6.0  -1018.450601608727
6.5  -1018.450213823143
7.0  -1018.449791469859
7.5  -1018.449413472806
8.0  -1018.449108177591
8.5  -1018.448873519526
9.0  -1018.448695844507
9.5  -1018.448560276819
10.0  -1018.448454948892
10.5  -1018.448371740472
11.0  -1018.448305219333
11.5  -1018.448251533602
12.0  -1018.448207799161
12.5  -1018.448171817257
13.0  -1018.448141981385
13.5  -1018.448117012382
14.0  -1018.448095994561
14.5  -1018.448078195145
15.0  -1018.448063041814
15.5  -1018.448050080193
16.0  -1018.448038944208
16.5  -1018.448029336197
17.0  -1018.448021013548
17.5  -1018.448013776915
18.0  -1018.448007462154
18.5  -1018.448001932329
19.0  -1018.447997074364
19.5  -1018.447992793217
20.0  -1018.447989009121
