1.5 -108.608472806445 -108.163438651121
2.0 -108.630066985792 -108.188256748535
2.5 -108.628409486999 -108.191466441080
3.0 -108.627708748320 -108.195909331189
3.5 -108.627021943192 -108.199954067129
4.0 -108.625444317724 -108.202230705257
4.5 -108.623167332060 -108.202804282834
5.0 -108.620697010788 -108.202256015948
5.5 -108.618489287327 -108.201174677273
6.0 -108.616769823484 -108.199975619948
6.5 -108.615560136018 -108.198888540004
7.0 -108.614762140099 -108.198007095289
7.5 -108.614239223606 -108.197342738013
8.0 -108.613886764919 -108.196866183743
8.5 -108.613648792013 -108.196532574808
9.0 -108.613488420066 -108.196297336522
9.5 -108.613375736044 -108.196126062567
10.0 -108.613293365812 -108.195996763511
10.5 -108.613231085275 -108.195896607067
11.0 -108.613177395829 -108.195817833669
11.5 -108.613136086914 -108.195755201405
12.0 -108.613100898660 -108.195704880118
12.5 -108.613070898847 -108.195664013532
13.0 -108.613049566369 -108.195630483787
13.5 -108.613031907430 -108.195602720561
14.0 -108.613016890643 -108.195579549020
14.5 -108.613004491170 -108.195560074955
15.0 -108.612993019142 -108.195543607375
15.5 -108.612983407481 -108.195529603738
16.0 -108.612975272754 -108.195517634240
16.5 -108.612968328667 -108.195507354667
17.0 -108.612962357541 -108.195498487122
17.5 -108.612958085690 -108.195490805998
18.0 -108.612954591012 -108.195484125982
18.5 -108.612950091443 -108.195478294726
19.0 -108.612947724322 -108.195473186944
19.5 -108.612945484145 -108.195468697411
20.0 -108.612943116495 -108.195464739045
