1.5 -175.739800358009 -175.041343107177
2.0 -175.801945386182 -175.078663662018
2.5 -175.821365891230 -175.117491871359
3.0 -175.829935987730 -175.137253739227
3.5 -175.833310287287 -175.147000046740
4.0 -175.737184269861 -175.034276941350
4.5 -175.826862604979 -175.154345046568
5.0 -175.822949667322 -175.153484814431
5.5 -175.819444082821 -175.151739875913
6.0 -175.816731094805 -175.149860008717
6.5 -175.814855115399 -175.148226183679
7.0 -175.813654385922 -175.146965726238
7.5 -175.812920281693 -175.146066783053
8.0 -175.812476323124 -175.145455558720
8.5 -175.812200939172 -175.145045685758
9.0 -175.808306420642 -175.146993802051
9.5 -175.811896451951 -175.144567256829
10.0 -175.811805548530 -175.144420976248
10.5 -175.811736788548 -175.144309880073
11.0 -175.811683455425 -175.144223674178
11.5 -175.811641371527 -175.144155707012
12.0 -175.811607715054 -175.144101391092
12.5 -175.811580494849 -175.144057462665
13.0 -175.811558263068 -175.144021557399
13.5 -175.811539938885 -175.143991931264
14.0 -175.811524737782 -175.143967305097
14.5 -175.811512022543 -175.143946676026
15.0 -175.811501336692 -175.143929300485
15.5 -175.811492295903 -175.143914574159
16.0 -175.811484595083 -175.143902017648
16.5 -175.811478018980 -175.143891272494
17.0 -175.811472361318 -175.143882021293
17.5 -175.811467484712 -175.143874032612
18.0 -175.811463257683 -175.143867100501
18.5 -175.811459578899 -175.143861061584
19.0 -175.811456365008 -175.143855781193
19.5 -175.811453547080 -175.143851147756
20.0 -175.811451067821 -175.143847068370
