1.0  -174.945075006897
1.1  -174.988035595553
1.2  -175.014034113000
1.3  -175.063649720723
1.4  -175.001927113723
1.5  -174.863431652050
1.6  -175.082436605671
1.7  -175.055034348958
1.8  -175.070240146655
1.9  -175.083074077602
2.0  -174.526995257144
2.1  -175.103935593336
2.2  -173.593287746899
2.3  -175.119273920248
2.4  -175.035590622779
2.5  -175.130800922530
2.6  -175.135547372304
2.7  -175.139762888394
2.8  -175.143524456148
2.9  -175.146886542857
3.0  -175.050401560938
3.1  -156.619832770372
3.2  -175.055404392104
3.3  -174.967838583590
3.4  -175.146357454630
3.5  -175.028226592430
3.6  -156.621754636455
3.7  -175.150734672530
3.8  -175.152491897555
3.9  -175.034312676349
4.0  -175.034050649832
4.1  -175.053852471875
4.2  -175.138862087795
4.3  -174.349794454372
4.4  -175.037273911070
4.5  -175.134464066915
4.6  -175.037148638597
4.7  -175.054200671902
4.8  -175.156548469986
4.9  -175.149999998556
5.0  -175.054744016229
5.1  -158.871948293822
5.2  -173.169025670072
5.3  -175.036560923901
5.4  -158.860610253946
5.5  -173.147541795754
5.6  -174.980340486949
5.7  -175.054924480653
5.8  -174.115062081988
5.9  -174.868011943723
6.0  -175.151446999692
6.1  -175.150988800143
6.2  -158.861331557253
6.3  -175.150118516206
6.4  -174.919922902712
6.5  -158.859895917454
6.6  -175.148951892254
6.7  -175.160360997528
6.8  -175.054984904821
6.9  -174.985686515600
7.0  -175.147680391732
7.1  -175.147412528241
7.2  -174.882988149317
7.3  -174.985684991558
7.4  -174.982594139146
7.5  -175.055347027784
7.6  -174.908796542464
7.7  -173.129202058506
7.8  -175.054748048113
7.9  -174.982589525617
8.0  -175.145742629931
8.1  -174.919495667512
8.2  -174.982551888670
8.3  -174.981222814800
8.4  -174.919539118957
8.5  -174.882953669622
8.6  -175.145147628003
8.7  -174.982475162797
8.8  -174.985711974232
8.9  -173.030571592431
9.0  -175.036081787490
9.1  -173.895223388198
9.2  -175.144777755461
9.3  -174.919725814396
9.4  -174.965718121773
9.5  -174.883117767881
9.6  -174.384875753276
9.7  -175.055055136927
9.8  -174.883164557444
9.9  -174.982616834210
10.0  -174.383838193752
10.1  -174.377749434753
10.2  -174.962438776464
10.3  -174.982619709315
10.4  -174.883251811240
10.5  -174.975098203722
10.6  -174.919587085288
10.7  -158.854977805470
10.8  -175.156285290043
10.9  -173.104690753786
11.0  -175.055064213133
11.1  -174.883344040909
11.2  -174.346033170454
11.3  -175.144182252812
11.4  -175.055067394954
11.5  -174.883389950496
11.6  -174.883394058711
11.7  -174.883413261366
11.8  -174.920047948409
11.9  -174.883434797725
12.0  -175.144101864722
12.1  -175.144092265305
12.2  -174.920091553737
12.3  -174.920092396430
12.4  -174.934521838379
12.5  -175.036117880312
12.6  -173.104628358898
12.7  -175.055016967301
12.8  -174.920151550290
12.9  -174.982631241197
13.0  -174.920170201632
13.1  -173.094331052775
13.2  -173.715302311436
13.3  -175.036145739354
13.4  -174.920205631421
13.5  -174.920142852217
13.6  -175.036116352351
13.7  -174.919885391754
13.8  -174.375790284638
13.9  -174.920246639164
14.0  -174.920254424229
14.1  -174.860496497215
14.2  -174.920269601139
14.3  -174.920276998737
14.4  -175.143955457872
14.5  -174.920291419801
14.6  -174.920297572706
14.7  -175.036149716944
14.8  -175.055082175293
14.9  -175.143932664592
15.0  -174.919060373328
15.1  -174.920328615909
15.2  -174.920338248127
15.3  -175.155947382536
15.4  -174.920350520073
15.5  -175.036141089497
15.6  -174.920362669159
15.7  -174.920368531993
15.8  -174.375039675248
15.9  -174.902534656650
16.0  -174.920385559377
16.1  -174.859668260837
16.2  -175.055084683295
16.3  -174.860648551380
16.4  -174.374996390294
16.5  -175.036153077209
16.6  -174.374989584289
16.7  -175.143887518929
16.8  -174.375352070834
16.9  -174.920432028109
17.0  -174.883085527005
17.1  -174.920441525518
17.2  -174.920445933532
17.3  -175.036154731252
17.4  -175.055022311726
17.5  -174.920459639606
17.6  -174.920463975472
17.7  -174.920468037162
17.8  -174.920464801500
17.9  -174.860726850490
18.0  -174.374919870232
18.1  -175.055087683242
18.2  -174.920488847121
18.3  -175.143863499792
18.4  -174.375221149565
18.5  -174.920500476852
18.6  -174.920504244760
18.7  -174.882910987735
18.8  -174.920511617230
18.9  -174.920515205809
19.0  -174.920518736226
19.1  -174.921360487993
19.2  -175.055041837683
19.3  -174.920529102771
19.4  -174.860783939451
19.5  -175.143851260796
19.6  -175.036157218307
19.7  -175.143849573629
19.8  -174.375137816979
19.9  -175.036157435654
20.0  -174.921315915883
