1.5  -299.045013247831
2.0  -299.160721971726
2.5  -299.201002023707
3.0  -299.219560135735
3.5  -299.227690058860
4.0  -299.229862074534
4.5  -299.228847055118
5.0  -299.226392605735
5.5  -299.223542725985
6.0  -299.220898787881
6.5  -299.218754024873
7.0  -299.217175569421
7.5  -299.216093174732
8.0  -299.215381729185
8.5  -299.214918845091
9.0  -299.214611061747
9.5  -299.214397449673
10.0  -299.214242331564
10.5  -299.214125710480
11.0  -299.214035978663
11.5  -299.213965766534
12.0  -299.213910020830
12.5  -299.213865161394
13.0  -299.213828622804
13.5  -299.213798555580
14.0  -299.213773593438
14.5  -299.213752716516
15.0  -299.213735140488
15.5  -299.213720255301
16.0  -299.213707581676
16.5  -299.213696734485
17.0  -299.213687407601
17.5  -299.213679350863
18.0  -299.213672363535
18.5  -299.213666280147
19.0  -299.213660962472
19.5  -299.213656298513
20.0  -299.213652193729
