1.5 -300.048744526207 -299.045013247831
2.0 -300.153915624936 -299.160721971726
2.5 -300.187239857342 -299.201002023707
3.0 -300.198823766246 -299.219560135735
3.5 -300.201509854597 -299.227690058860
4.0 -300.199941453179 -299.229862074534
4.5 -300.196542362230 -299.228847055118
5.0 -300.192778182659 -299.226392605734
5.5 -300.189434014922 -299.223542725986
6.0 -300.186878887596 -299.220898787881
6.5 -300.185156055798 -299.218754024873
7.0 -300.184094091285 -299.217175569421
7.5 -300.183454542782 -299.216093174732
8.0 -300.183066128665 -299.215381729185
8.5 -300.182819425027 -299.214918845091
9.0 -300.182652265499 -299.214611061747
9.5 -300.182535881678 -299.214397449673
10.0 -300.182446375652 -299.214242331564
10.5 -300.182379258023 -299.214125710479
11.0 -300.182325307126 -299.214035978663
11.5 -300.182282833774 -299.213965766534
12.0 -300.182248970140 -299.213910020830
12.5 -300.182224114682 -299.213865161394
13.0 -300.182198872625 -299.213828622804
13.5 -300.182182964083 -299.213798555580
14.0 -300.182167079494 -299.213773593438
14.5 -300.182152948825 -299.213752716516
15.0 -300.182143324935 -299.213735140488
15.5 -300.182132854463 -299.213720255301
16.0 -300.182129455609 -299.213707581675
16.5 -300.182122884000 -299.213696734485
17.0 -300.182115537493 -299.213687407600
17.5 -300.182110341930 -299.213679350863
18.0 -300.182108860600 -299.213672363536
18.5 -300.182103532001 -299.213666280147
19.0 -300.182098681315 -299.213660962472
19.5 -300.182097619872 -299.213656298513
20.0 -300.182092270595 -299.213652193730
