1.5  -298.328350818643
2.0  -298.436764735119
3.0  -298.508998257674
3.5  -298.517354002558
4.0  -298.518773792047
4.5  -298.516749385714
5.0  -298.513265553026
5.5  -298.509454786662
6.0  -298.505976747410
6.5  -298.503183425579
7.0  -298.502105939724
7.5  -298.500676224099
8.0  -298.498978501737
9.0  -298.498098144814
10.0  -298.497698432708
10.5  -298.497575438017
11.0  -298.497481682621
11.5  -298.497408897587
12.0  -298.497351371114
12.5  -298.497305095428
13.0  -298.497267611831
13.5  -298.497236748845
14.0  -298.497977109745
14.5  -298.497955752165
15.0  -298.497937787708
15.5  -298.497922606109
18.0  -298.497873911860

