1.5  -298.318224549869
2.0  -298.436764766633
2.5  -298.487423180423
3.0  -298.508998260348
3.5  -298.517354002150
4.0  -298.518773793605
4.5  -298.516749384152
5.0  -298.513265547269
5.5  -298.509454789091
6.0  -298.505976748003
6.5  -298.503183424401
7.0  -298.501167900111
7.5  -298.499828339056
8.0  -298.498978501552
8.5  -298.498443557138
9.0  -298.498098168946
9.5  -298.497864557747
10.0  -298.497698417434
10.5  -298.497575387171
11.0  -298.497481680373
11.5  -298.497408842829
12.0  -298.414669057272
12.5  -298.414671436617
13.0  -298.414673499963
13.5  -298.414675293251
14.0  -298.273497908128
14.5  
