1.5 -299.264904262312 -298.314917827263
2.0 -299.389158015089 -298.435066191981
2.5 -299.430395431730 -298.485949360111
3.0 -299.443739903813 -298.507866909170
3.5 -299.446241860052 -298.516502888948
4.0 -299.443990065762 -298.518130409445
4.5 -299.439671714500 -298.516247833854
5.0 -299.434909179605 -298.512858526528
5.5 -299.430620277015 -298.509119832968
6.0 -299.427294422072 -298.505705998428
6.5 -299.425050606754 -298.502973277386
7.0 -299.423698260532 -298.501013882490
7.5 -299.422926467956 -298.499722889771
8.0 -299.422480471170 -298.498911449410
8.5 -299.422208331389 -298.498403703656
9.0 -299.422029804926 -298.498075459154
9.5 -299.421905018402 -298.497851833073
10.0 -299.421813443261 -298.497691395105
10.5 -299.421743756187 -298.497571645740
11.0 -299.421689137866 -298.497479792186
11.5 -299.421646686326 -298.497407943518
12.0 -299.421611866257 -298.497350860090
12.5 -299.421584642486 -298.497304904393
13.0 -299.421561433763 -298.497267482646
13.5 -299.421542801900 -298.497236719178
14.0 -299.421528158492 -298.497211205335
14.5 -299.421514094166 -298.497189893583
15.0 -299.421503248360 -298.497171980758
15.5 -299.421495099653 -298.497156822837
16.0 -299.421486952594 -298.497143936286
16.5 -299.421480078457 -298.497132912187
17.0 -299.421474102983 -298.497123448462
17.5 -299.421469555214 -298.497115281267
18.0 -299.421465240416 -298.497108192945
18.5 -299.421461492699 -298.497102035736
19.0 -299.421458471566 -298.497096651723
19.5 -299.421455646221 -298.497091938624
20.0 -299.421452796466 -298.497087786847
