1.5  -298.318301707247
1.7  -298.373947443724
1.9  -298.419124911127
2.1  -298.451011498839
2.3  -298.299596093928
2.5  -298.299743171701
2.7  -298.298683583096
2.9  -298.297197874855
3.1  -298.295700558452
3.3  
3.5  -298.517354010735
3.7  -298.518511981173
3.9  -298.518848858514
4.1  -298.518565259697
4.3  -298.517821762404
4.5  -298.516749380808
4.7  -298.515453249509
4.9  -298.514016037528
5.1  -298.512503351473
5.3  -298.510968411232
5.5  -298.319627965745
5.7  -298.314514293715
5.9  -298.309393947499
6.1  -298.304811266110
6.3  -298.300915403161
6.5  -298.297616162416
6.7  -298.273200877132
6.9  -298.291348281497
7.1  -298.274835365178
7.3  -298.274716269677
7.5  -298.274631574363
7.7  -298.274572601262
7.9  -298.274532901111
8.1  -298.274507566993
8.3  -298.274492810784
8.5  -298.274485749429
8.7  -298.274484236985
8.9  -298.274486718285
9.1  -298.274492084258
9.3  -298.497947972669
9.5  -298.274508520574
9.7  -298.274518580178
9.9  -298.274529388699
10.1  -298.274540689475
10.3  -298.274552278723
10.5  -298.274564012502
10.7  -298.497534943726
10.9  -298.497498533423
11.1  -298.497465654485
11.3  -298.497435879502
11.5  -298.497408842919
11.7  -298.497384230447
11.9  -298.497361770029
12.1  -298.497341225834
12.3  -298.497322393215
12.5  -298.497305093876
12.7  -298.497289169519
12.9  -298.497274489153
13.1  -298.497260929587
13.3  -298.497248387546
13.5  -298.497236768268
13.7  -298.497225990399
13.9  -298.497215979731
14.1  -298.497206670439
14.3  -298.497198003514
14.5  -298.497189925840
14.7  -298.497182389561
14.9  -298.497175351356
15.1  -298.497168771992
15.3  -298.497162616513
15.5  -298.497156843307
15.7  -298.497151439407
15.9  -298.497146376753
16.1  -298.497141617005
16.3  -298.497137144210
16.5  -298.497132938638
16.7  -298.497128980727
16.9  -298.497125241443
17.1  -298.497121729440
17.3  -298.497118417277
17.5  -298.497115291441
17.7  -298.497112339483
17.9  -298.497109545540
18.1  -298.497106907885
18.3  -298.497104412185
18.5  -298.497102049363
18.7  -298.497099811012
18.9  -298.497097689341
19.1  -298.497095677120
19.3  -298.497093767639
19.5  -298.497091954895
19.7  -298.497090232623
19.9  -298.497088595657
