1.5  -298.328350856851
2.0  -295.163563165517
2.5  -295.231398457156
3.0  -293.351904458769
3.5  -280.828955327783
4.0  -287.939284424418
4.5  -259.530847085442
5.0  -280.572940218953
5.5  -280.525749227319
6.0  -280.489234446523
6.5  -280.460495353008
7.0  -274.565486029908
7.5  -280.418486009927
8.0  -280.402692333153
8.5  -274.428540173109
9.0  -280.377768442250
9.5  -274.362421680026
10.0  -274.334480137937
10.5  -274.309254055704
11.0  -274.286348570663
11.5  -274.265443814840
12.0  -274.246276464392
12.5  -274.228628885187
13.0  -274.212319115677
13.5  -274.197193927090
14.0  -274.183123225897
14.5  -274.169995914310
15.0  -274.157716362213
15.5  -274.146201899561
16.0  -274.135380538176
16.5  -274.125189345062
17.0  -280.288516937069
17.5  -274.106482629567
18.0  -274.097874897568
18.5  -274.089711464336
19.0  -274.081957662376
19.5  -274.074590047879
20.0  -274.067558859464
