1.5 -263.795459967685 -262.680007530862
2.0 -263.985596827898 -262.881947172658
2.5 -264.036651478215 -262.942149872810
3.0 -264.051821123363 -262.965128595126
3.5 -264.055282541079 -262.976128977570
4.0 -264.053917227870 -262.980772622953
4.5 -264.050812364109 -262.981732021506
5.0 -264.047317235946 -262.980782820502
5.5 -264.044169605480 -262.979065641270
6.0 -264.041728145180 -262.977251194236
6.5 -264.040029986314 -262.975669335690
7.0 -264.038943340720 -262.974440600143
7.5 -264.038274331962 -262.973559009330
8.0 -264.037866040424 -262.972956233863
8.5 -264.037607235787 -262.972550127090
9.0 -264.037434004148 -262.972271835398
9.5 -264.037312099056 -262.972074118880
10.0 -264.037224766706 -262.971928211369
10.5 -264.037155852253 -262.971817286824
11.0 -264.037101863722 -262.971731165905
11.5 -264.037058988218 -262.971663232918
12.0 -264.037027819360 -262.971608927188
12.5 -264.036999926050 -262.971564993433
13.0 -264.036978859814 -262.971529078685
13.5 -264.036960045213 -262.971499448667
14.0 -264.036946207824 -262.971474807999
14.5 -264.036932967034 -262.971454175364
15.0 -264.036921505186 -262.971436788752
15.5 -264.036913084304 -262.971422052105
16.0 -264.036905011603 -262.971409494785
16.5 -264.036899524170 -262.971398740695
17.0 -264.036891493664 -262.971389488484
17.5 -264.036887812604 -262.971381494154
18.0 -264.036885497930 -262.971374556459
18.5 -264.036878141512 -262.971368514494
19.0 -264.036876422302 -262.971363231152
19.5 -264.036874530308 -262.971358595302
20.0 -264.036869466308 -262.971354514576
