1.5  -262.681552024752
2.0  -262.882759908243
2.5  -262.942826125329
3.0  -262.965687935293
3.5  -262.976582543312
4.0  -262.981125369900
4.5  -262.982005853329
5.0  -262.980999109098
5.5  -262.979236588916
6.0  -262.977383445363
6.5  -262.975768781748
7.0  -262.974512768896
7.5  -262.973608708999
8.0  -262.972988605968
8.5  -262.972570606902
9.0  -262.972284863775
9.5  -262.972082461653
10.0  -262.971933399050
10.5  -262.971820298741
11.0  -262.971732763839
11.5  -262.971664007603
12.0  -262.971609273898
12.5  -262.971565140354
13.0  -262.971529138356
13.5  -262.971499472918
14.0  -262.971474819335
14.5  -262.971454180805
15.0  -262.971436790738
15.5  -262.971422052791
16.0  -262.971409495222
16.5  -262.971398741263
17.0  -262.971389488558
17.5  -262.971381494672
18.0  -262.971374557337
18.5  -262.971368514737
19.0  -262.971363231366
19.5  -262.971358595692
20.0  -262.971354514807
