0.5 -292.301274796402
0.7 -295.190186926395
0.9 -296.650585414548
1.1 -297.539396569849
1.3 -298.130937553105
1.5 -298.402126226211
1.7 -298.525523977898
1.9 -298.580201784176
2.1 -298.630589563513
2.3 -298.619552316689
2.5 -298.625922128485
2.7 -298.629719566449
2.9 -298.632487328065
3.1 -298.635240372330
3.3 -298.638731146338
3.5 -298.643674169389
3.7 -298.652811000403
3.9 -298.652534124338
4.1 -298.654823608604
4.3 -298.656538119260
4.5 -298.657451622419
4.7 -298.657308230694
4.9 -298.655957427599
5.1 -298.653371421442
5.3 -298.649644883242
5.5 -298.644988931465
5.7 -298.639695853419
5.9 -298.634100973303
6.1 -298.628577653050
6.3 -298.623572357125
6.5 -298.619518023585
6.7 -298.616602865429
6.9 -298.637089594829
7.1 -298.605290187457
7.3 -298.636592718951
7.5 -298.636406702878
7.7 -298.636251929477
7.9 -298.636122388297
8.1 -298.636013240961
8.3 -298.635920629722
8.5 -298.635841477710
8.7 -298.635773315853
8.9 -298.635714200268
9.1 -298.635662558040
9.3 -298.635617145269
9.5 -298.635576966538
9.7 -298.635541212732
9.9 -298.635509244320
