0.5 -267.251382086661
0.7 -273.881944606706
0.9 -268.114997436774
1.1 -297.660505552364
1.3 -297.874957448956
1.5 -298.595799511949
1.7 -298.721083898636
1.9 -298.777812083409
2.1 -298.803575319503
2.3 -298.815580798589
2.5 -298.821360664985
2.7 -298.824243506180
2.9 -298.825751080125
3.1 -298.824640582815
3.3 -298.825051955179
3.5 -298.827339768305
3.7 -287.826066195670
3.9 -298.827627196677
4.1 -298.823594377741
4.3 -298.830682067722
4.5 -298.831537347562
4.7 -298.831354873412
4.9 -298.829976306545
5.1 -298.827368566470
5.3 -298.823627249675
5.5 -298.818962264572
5.7 -298.813666138726
5.9 -298.808077407297
6.1 -298.813674327505
6.3 -298.813093482273
6.5 -298.812608392011
6.7 -298.812206413317
6.9 -288.211340558596
7.1 -298.811601247629
7.3 -288.267295449387
7.5 -288.294833222120
7.7 -288.318732105506
7.9 -288.344165140770
8.1 -288.371355524357
8.3 -298.810700828577
8.5 -298.810621418433
8.7 -298.810553059165
8.9 -298.810493782866
9.1 -298.810442017198
9.3 -298.810396505852
9.5 -298.810356244040
9.7 -298.810320425750
9.9 -298.810288402055
