0.5 -288.811832245539
0.7 -285.129730528975
0.9 -294.359418274676
1.1 -295.915080236731
1.3 -294.649881845401
1.5 -295.795464450721
1.7 -295.436292415524
1.9 -293.975952757243
2.1 -225.360730017688
2.3 -296.194000183666
2.5 -296.499551158760
2.7 -296.703921625379
2.9 -296.845366652316
3.1 -296.934869073332
3.3 -296.967516339783
3.5 -296.879087978246
3.7 -282.560146557537
3.9 -295.652322293823
4.1 -293.230041205578
4.3 -286.093266231678
4.5 -285.250549734843
4.7 -284.930163934077
4.9 -284.718797272421
5.1 -284.556735409064
5.3 -284.433639103595
5.5 -284.374373662645
5.7 -284.430454528553
5.9 -284.692453936691
6.1 -285.353494564370
6.3 -289.534911169563
6.5 -290.062179410537
6.7 -290.278744575465
6.9 -287.930137985542
7.1 -282.058873496133
7.3 -287.948705880162
7.5 -287.953854764265
7.7 -287.953438721938
7.9 -287.952797787911
