0.5 -297.952466827525 -297.121388134272
0.7 -298.211904150074 -297.341937629033
0.9 -298.463437859936 -297.574863239477
1.1 -298.670707499985 -297.791437621856
1.3 -298.765410855563 -297.892876307690
1.5 -298.887335193043 -297.964597973395
1.7 -298.924952169299 -298.013239147355
1.9 -298.968798144559 -298.060037717436
2.1 -298.996469690877 -298.090435180263
2.3 -298.946758938466 -298.062227342487
2.5 -299.028745011314 -298.126428130786
2.7  
2.9  
3.1  
3.3  
3.5  
3.7  
3.9  
4.1  
4.3  
4.5  
4.7  
4.9  
5.1  
5.3  
5.5  
5.7  
5.9  
6.1  
6.3  
6.5  
6.7  
6.9  
7.1  
7.3  
7.5  
7.7  
7.9  
8.1  
8.3  
8.5  
8.7  
8.9  
9.1  
9.3  
9.5  
9.7  
9.9  
