1.5 -75.879731725780 -75.509605152719
2.0 -75.747580752315 -75.321127869374
2.5 -75.637010008085 -75.429200136148
3.0 -75.576939611287 -75.256733811125
3.5 -75.569307134060 -75.375789135154
4.0 -75.565153152574 -75.372965857407
4.5 -75.564067306149 -75.371754118649
5.0 -75.480186589549 -75.294291531556
5.5 -75.560954324791 -75.369776727132
6.0 -75.560478149735 -75.369351460465
6.5 -75.560151557899 -75.369053140292
7.0 -75.476379021160 -75.290021572335
7.5 -75.534426151542 -75.346698154423
8.0 -75.534282130193 -75.346572607341
8.5 -75.559489554182 -75.368463209028
9.0 -75.559407868238 -75.368390688160
9.5 -75.559344744024 -75.368333205809
10.0 -75.559295757652 -75.368287075561
10.5 -75.559257264534 -75.368249677820
11.0 -75.559225994391 -75.368218683606
11.5 -75.533869092909 -75.346197130492
12.0 -75.533846770217 -75.346172912831
12.5 -75.533828565047 -75.346154389162
13.0 -75.533813131025 -75.346138704580
13.5 -75.533800100203 -75.346125326019
14.0 -75.533787248469 -75.346113853397
14.5 -75.533777506881 -75.346103949055
15.0 -75.533769246618 -75.346095363891
15.5 -75.596031542372 -75.400524708312
16.0 -75.596033163463 -75.400526380440
16.5 -75.533749859908 -75.346075560593
17.0 -75.533744902380 -75.346070472697
