1.5 -299.5780885 
2.0 -299.6825886 
2.5 -299.7188905 
3.0 -299.7399075 
3.5 -299.7561892 
4.0 -299.7697394 
4.5 -299.7811575 
5.0 -299.7908427 
5.5 -299.799114 
6.0  
6.5 -299.8123726 
7.0 -299.8177301 
7.5 -299.8224309 
8.0 -299.8265843 
8.5 -299.8302778 
9.0 -299.833582 
9.5 -299.8365541 
10.0 -299.8392409 
10.5 -299.8416808 
11.0 -299.843906 
11.5 -299.8459433 
12.0 -299.8478153 
12.5 -299.8495411 
13.0 -299.8511369 
13.5 -299.852617 
14.0 -299.8539932 
14.5 -299.8552762 
15.0 -299.8564749 
15.5 -299.8575975 
16.0 -299.8586509 
16.5 -299.8596412 
17.0 -299.860574 
17.5 -299.861454 
18.0 -299.8622857 
18.5 -299.8630729 
19.0 -299.863819 
19.5 -299.8645272 
20.0 -299.8652003 
