1.5  -302.985720640255
2.0  -303.503519384322
2.5  -303.702273095040
3.0  -303.769763121207
3.5  -303.800602527833
4.0  -303.815200257414
4.5  -303.820558292460
5.0  -303.820918400038
5.5  -303.818865179626
6.0  -303.815940548284
6.5  -303.813019229469
7.0  -303.810548602336
7.5  -303.808675291026
8.0  -303.807353908649
8.5  -303.806459149641
9.0  -303.805862669828
9.5  -303.805464145523
10.0  -303.805193298567
10.5  -303.805003614925
11.0  -303.804866034681
11.5  -303.804763117050
12.0  -303.804684264750
12.5  -303.804622680714
13.0  -303.804573769011
13.5  -303.804534339313
14.0  -303.804502140656
14.5  -303.804475565966
15.0  -303.804453438391
15.5  -303.804434877305
16.0  -303.804419203923
16.5  -303.804405891375
17.0  -303.804394527374
17.5  -303.804384775014
18.0  -303.804376367876
18.5  -303.804369088406
19.0  -303.804362761646
19.5  -303.804357239142
20.0  -303.804352403749
