0.5 -69.287118148019
0.7 -72.371749918977
0.9 -74.328386437723
1.1 -74.640963521848
1.3 -75.736947772313
1.5 -75.805981416238
1.7 -75.817668523381
1.9 -75.766414998888
2.1 -75.536905834786
2.3 -75.535206284866
2.5 -75.543347005838
2.7 -75.549104330617
2.9 -75.552762360844
3.1 -75.555038437289
3.3 -75.556464012368
3.5 -75.557381300796
3.7 -75.557985034106
3.9 -75.558384586991
4.1 -75.534036767119
4.3 -75.558801444949
4.5 -75.558890585902
4.7 -75.558938667759
4.9 -75.533824694481
5.1 -75.558982291393
5.3 -75.558994776402
5.5 -75.559005765254
5.7 -75.533708100161
5.9 -75.461409905448
6.1 -75.559032186112
6.3 -75.559036388283
6.5 -75.559038038283
6.7 -75.597069605019
6.9 -75.559036135496
7.1 -75.559033849737
7.3 -75.559031040442
7.5 -75.559027739790
7.7 -75.559023946408
7.9 -75.559019712574
8.1 -75.559015167054
8.3 -75.559010495046
8.5 -75.559005902881
8.7 -75.559001585832
8.9 -75.558997706336
9.1 -75.558994382374
9.3 -75.558991687486
9.5 -75.558989762373
9.7 -75.558988362628
9.9 -75.558987560742
