1.5  -323.250923459706
2.0  -323.727714486686
2.5  -323.936129952938
3.0  -324.007772971244
3.5  -324.039895040583
4.0  -324.054650395304
4.5  -324.059760103789
5.0  -324.059762124791
5.5  -324.057335210268
6.0  -324.054046729112
6.5  -324.050789800353
7.0  -324.048035737344
7.5  -324.045950950250
8.0  -324.044489271967
8.5  -324.043509086577
9.0  -324.042863036513
9.5  -324.042436192466
10.0  -324.042148938571
10.5  -324.041949330372
11.0  -324.041805362823
11.5  -324.041698068405
12.0  -324.041616069924
12.5  -324.041552148115
13.0  -324.041501458869
13.5  -324.041460650788
14.0  -324.041427367502
14.5  -324.041399925809
15.0  -324.041377097951
15.5  -324.041357964230
16.0  -324.041341821215
16.5  -324.041328121080
17.0  -324.041316431448
17.5  -324.041306407516
18.0  -324.041297771782
18.5  -324.041290299691
19.0  -324.041283807773
19.5  -324.041278145568
20.0  -324.041273186284
